precinct	Precinct Name	Population	1993	1994	1995	1996	1997	1998	1999	2000	2001	2002	2003	2004	2005	2006	2007	2008	2009	2010	2011	2012	2013	2013 YTD	2014 YTD	1993-2013	%Ch20	%ChYTD
1	"Financial District, Tribeca"	"66,679"	6	8	9	10	5	1	0	2	5	0	4	2	3	0	1	1	1	6	0	2	4	0	0	70	-33%	
5	"Chinatown, Little Italy"	"52,568"	24	28	14	4	6	5	6	9	12	3	6	2	5	2	0	9	2	1	1	5	2	1	1	148	-92%	0%
6	"Greenwich Village, Soho"	"62,226"	11	9	3	1	5	5	4	0	4	1	1	1	3	1	4	2	7	3	0	0	1	1	0	67	-91%	
7	Lower East Side	"56,355"	21	32	16	6	4	15	6	2	4	6	5	10	7	9	6	10	4	7	4	4	3	1	2	184	-86%	50%
9	Lower East Side	"76,443"	28	10	23	16	8	3	6	3	7	9	2	6	9	3	5	10	8	6	6	5	5	2	0	180	-82%	
10	Chelsea	"50,180"	12	10	15	15	12	10	15	7	8	8	6	3	3	13	3	10	1	5	6	2	4	1	0	169	-67%	
13	"Gramercy, Stuyvesant Town"	"93,640"	10	10	6	2	8	6	7	3	5	5	5	6	13	5	5	6	0	3	2	0	0	0	2	109	-100%	100%
14	"Midtown South, Times Square, Garment District"	"20,651"	8	19	9	13	12	3	7	10	13	11	13	3	4	3	0	0	1	4	0	1	3	1	0	138	-63%	
17	"Kipps Bay, Murray Hill, Turtle Bay"	"79,126"	3	7	7	3	1	0	5	3	1	3	0	0	0	0	0	3	0	0	0	0	1	0	0	37	-67%	
18	"Midtown North, Theatre District"	"54,066"	13	24	12	7	5	8	3	4	5	3	3	4	7	4	6	2	3	1	1	1	1	0	0	117	-92%	
19	Upper East Side	"208,259"	2	11	6	7	3	4	1	2	0	3	0	0	0	0	3	0	0	3	0	0	0	0	0	45	-100%	
20	Upper West Side (south)	"102,624"	2	3	9	4	7	2	0	0	2	2	3	2	1	2	0	4	5	0	0	1	1	1	0	51	-50%	
22	Central Park	25	0	0	0	0	0	0	0	1	1	0	0	0	0	0	0	0	0	0	0	0	0	0	0	2		
23	East Harlem (south)	"73,106"	98	87	57	33	38	41	34	23	31	14	20	29	32	30	24	22	29	43	37	26	13	5	5	771	-87%	0%
24	Upper West Side (north)	"106,460"	55	37	13	10	8	12	7	2	12	2	10	4	10	12	5	4	9	5	9	6	3	0	1	236	-95%	100%
25	East Harlem (north)	"47,405"	83	84	57	48	24	16	26	23	24	13	19	18	19	31	28	16	21	44	35	19	8	1	5	662	-90%	80%
26	Morningside Heights	"49,508"	38	36	21	18	12	5	7	4	7	9	6	16	3	6	11	6	5	6	10	18	13	2	4	263	-66%	50%
28	Central Harlem (south)	"44,781"	104	70	47	55	30	31	25	23	15	33	19	30	22	18	25	32	18	23	20	22	13	3	1	679	-88%	-200%
30	"Manhattanville, West Harlem, Hamilton Heights"	"60,685"	82	95	84	73	48	36	40	26	25	21	13	14	19	16	18	14	7	18	10	8	10	4	6	687	-88%	33%
32	Central Harlem (north)	"70,942"	129	126	86	70	53	49	56	39	60	46	46	59	44	60	39	56	36	38	35	35	33	12	6	1213	-74%	-100%
33	Washington Heights (south)	"77,645"	13	84	45	39	17	23	20	19	25	22	16	18	17	31	16	10	11	9	13	11	8	2	1	470	-38%	-100%
34	"Washington Heights (north), Inwood"	"112,375"	178	55	52	52	30	21	30	17	21	23	30	21	29	15	12	13	17	9	9	11	7	3	2	657	-96%	-50%
40	"Mott Haven, Melrose"	"91,497"	214	133	89	77	46	53	54	58	44	60	47	39	52	46	42	53	60	62	84	63	35	13	13	1437	-84%	0%
41	Hunts Point	"52,246"	116	102	42	46	40	20	22	26	30	33	33	25	29	23	32	26	32	29	39	38	18	6	5	812	-84%	-20%
42	"Morrisania, Crotona Park East"	"79,762"	123	129	74	80	64	46	37	56	41	38	36	37	31	33	43	46	61	48	52	48	43	14	17	1197	-65%	18%
43	"Soundview, Parkchester"	"172,122"	155	147	111	84	64	38	56	51	54	67	39	42	43	55	35	51	58	53	55	50	30	11	17	1366	-81%	35%
44	"Concourse, Highbridge"	"146,441"	182	131	123	104	87	63	81	73	60	71	59	60	88	74	62	56	64	43	60	54	42	9	9	1655	-77%	0%
45	"Throgs Neck, Co-op City, Pelham Bay"	"120,833"	22	20	25	13	13	8	11	20	16	9	10	12	19	9	14	10	10	7	17	8	9	4	3	289	-59%	-33%
46	"University Heights, Morris Heights, Fordham (south"	"128,200"	177	164	129	119	52	54	57	58	45	66	48	52	61	64	57	56	42	54	47	59	33	13	18	1525	-81%	28%
47	"Eastchester, Wakefield, Williamsbridge"	"152,374"	131	110	120	61	68	60	54	89	53	78	68	48	55	62	71	70	71	66	68	59	43	12	25	1542	-67%	52%
48	"East Tremont, Belmont"	"83,266"	138	100	73	72	55	53	46	35	34	28	31	30	40	50	39	48	40	43	59	59	27	8	6	1114	-80%	-33%
49	"Pelham Parkway, Morris Park, Bronxdale"	"114,712"	52	47	29	18	15	16	14	24	8	8	15	20	20	14	20	26	21	32	16	26	18	8	10	477	-65%	20%
50	"Riverdale, Fieldston, Kingsbridge"	"101,720"	16	22	8	14	11	7	8	6	11	10	9	16	10	16	7	4	6	6	12	4	13	4	2	222	-19%	-100%
52	"Bedford Park, Fordham (north), Norwood"	"139,307"	88	95	75	67	42	34	43	45	31	44	48	29	35	42	38	33	29	40	26	26	35	9	8	962	-60%	-13%
60	"Coney Island, Brighton Beach"	"104,278"	69	67	49	27	35	33	22	22	22	18	22	30	18	19	15	19	24	23	28	16	31	16	6	631	-55%	-167%
61	Sheepshead Bay	"159,645"	37	31	14	13	15	12	14	16	7	14	9	10	10	10	9	13	10	10	18	11	3	0	2	288	-92%	100%
62	Bensonhurst	"181,981"	2	13	11	8	3	4	3	10	4	1	3	12	6	2	3	2	11	3	5	3	4	2	0	115	100%	
63	"Mill Basin, Flatlands"	"108,646"	33	24	24	15	7	9	19	10	6	16	26	11	12	15	22	19	24	20	15	26	17	9	5	384	-48%	-80%
66	"Borough Park, Kensington"	"191,382"	21	21	14	9	3	15	13	6	10	3	9	8	8	4	3	1	5	7	2	3	2	2	0	169	-90%	
67	East Flatbush	"155,252"	223	126	141	95	82	79	96	98	78	85	89	83	85	93	70	75	92	81	102	75	92	27	28	2095	-59%	4%
68	"Bay Ridge, Dyker Heights"	"124,491"	7	13	10	6	3	6	5	1	2	1	2	4	1	2	2	1	1	3	4	1	3	3	0	81	-57%	
69	Canarsie	"84,480"	29	32	15	20	14	20	24	30	22	21	37	17	28	38	17	34	32	27	30	19	20	6	18	550	-31%	67%
70	"Flatbush, Ditmas Park"	"160,664"	142	102	79	68	50	43	39	69	37	51	64	44	32	29	36	24	35	35	37	19	27	8	12	1082	-81%	33%
71	"Crown Heights (south), Lefferts Gardens"	"98,429"	102	77	84	67	32	59	39	50	40	42	44	41	55	55	36	34	40	42	52	30	28	13	4	1066	-73%	-225%
72	"Sunset Park, Windsor Terrace"	"126,230"	35	42	18	43	34	18	20	8	9	10	11	13	19	6	5	4	10	8	2	4	7	2	1	329	-80%	-100%
73	"Brownsville, Ocean Hill"	"86,468"	333	200	147	126	77	114	87	142	109	121	75	96	93	93	120	109	81	104	99	92	88	24	36	2566	-74%	33%
75	"East New York, Starret City"	"183,328"	312	229	187	147	137	147	141	166	131	110	120	104	109	107	111	99	109	109	118	82	76	17	30	2898	-76%	43%
76	"Red Hook, Carroll Gardens"	"43,694"	58	40	25	24	17	12	13	13	8	11	8	9	15	9	12	14	7	16	10	12	4	0	3	340	-93%	100%
77	"Crown Heights (north), Prospect Heights"	"96,309"	264	244	163	112	89	77	61	77	57	86	69	59	63	63	60	50	57	75	49	45	42	13	16	1891	-84%	19%
78	"Park Slope, Prospect Park"	"61,099"	16	19	12	10	6	9	7	2	7	8	6	5	6	6	4	5	4	1	3	4	4	0	1	145	-75%	100%
79	BedStuy (west)	"90,263"	273	210	149	126	115	87	98	111	97	62	62	73	69	80	95	64	84	57	79	71	55	23	9	2149	-80%	-156%
81	BedStuy (east)	"62,722"	173	116	126	68	38	51	60	56	60	60	73	58	55	64	58	62	51	60	50	49	37	15	15	1455	-79%	0%
83	Bushwick	"112,634"	238	163	102	64	69	41	66	78	68	52	42	51	61	45	45	40	32	45	42	31	24	8	12	1419	-90%	33%
84	"Brooklyn Heights, DUMBO, Boerum Hill"	"48,196"	40	45	30	18	14	17	6	8	12	10	12	5	8	9	3	11	4	8	5	6	2	1	2	276	-95%	50%
88	"Fort Greene, Clinton Hill"	"51,421"	121	73	67	46	47	36	25	25	37	28	31	20	17	31	31	24	15	19	14	15	12	4	9	747	-90%	56%
90	"Fort Greene, Clinton Hill"	"116,836"	84	73	42	41	31	15	29	30	22	13	26	29	29	20	18	21	10	18	20	15	17	3	12	618	-80%	75%
94	Greenpoint	"56,247"	12	21	8	6	5	6	10	3	4	9	10	4	3	3	1	6	4	7	7	3	1	0	0	133	-92%	
100	"Rockaway, Broad Channel"	"47,913"	12	14	4	14	14	1	10	9	7	6	11	5	1	11	12	14	11	5	11	11	10	6	5	204	-17%	-20%
101	Far Rockaway	"67,065"	44	73	60	27	26	33	43	38	31	26	28	27	27	30	20	44	32	26	39	37	20	5	6	742	-55%	17%
102	"Richmond Hill, Woodhaven, Ozone Park (north)"	"144,008"	34	46	33	28	9	10	10	13	7	8	6	8	11	15	7	19	15	7	6	8	8	5	4	317	-76%	-25%
103	"Jamaica (south), Hollis"	"105,803"	166	106	110	67	55	59	57	43	40	44	50	44	40	43	26	50	46	42	40	48	33	8	10	1227	-80%	20%
104	"Ridgewood, Middle Village, Glendale"	"170,190"	31	25	24	9	7	6	15	5	6	9	11	12	6	5	7	8	7	5	2	7	4	1	4	216	-87%	75%
105	"Queens Village, Rosedale"	"188,582"	87	84	70	55	59	29	34	28	32	29	36	35	31	38	38	30	26	47	24	30	10	8	5	865	-89%	-60%
106	"Ozone Park (south), Howard Beach"	"122,441"	22	42	29	15	19	14	21	21	9	17	8	19	12	18	9	20	12	9	16	8	11	5	1	357	-50%	-400%
107	"Jamaica (north), Fresh Meadows, Hillcrest"	"151,107"	10	20	15	7	10	6	4	11	6	4	5	3	7	1	8	3	5	5	8	6	2	1	2	149	-80%	50%
108	"Long Island City (south), Sunnyside, Woodside"	"113,200"	14	31	14	10	8	7	8	8	6	8	0	7	7	9	3	2	2	1	2	1	5	1	0	154	-64%	
109	"Flushing, Bay Terrace"	"247,354"	26	32	31	23	16	11	15	27	8	9	9	16	10	17	7	8	6	4	10	3	7	4	0	299	-73%	
110	"Elmhurst, South Corona"	"172,634"	62	50	54	38	19	25	16	8	14	10	6	8	13	13	8	16	12	6	6	8	8	2	0	402	-87%	
111	"Bayside, Douglaston, Little Neck"	"116,431"	2	13	12	0	4	3	3	3	0	0	2	1	1	1	0	0	0	0	0	0	0	0	0	45	-100%	
112	"Forest Hills, Rego Park"	"112,277"	13	28	10	5	6	3	4	1	2	4	3	5	1	0	3	2	0	2	0	1	0	0	0	93	-100%	
113	"St. Albans, Springfield Gardens"	"120,132"	160	146	116	85	73	44	34	40	43	46	53	59	69	59	60	67	52	60	61	66	40	11	21	1465	-75%	48%
114	"Astoria, Long Island City (north), Rikers Island"	"202,766"	44	50	55	52	44	28	22	28	17	23	24	22	13	17	9	21	13	23	23	31	11	5	8	583	-75%	38%
115	Jackson Heights	"171,576"	60	61	44	28	20	19	9	11	13	23	10	19	6	12	13	7	13	8	6	9	9	3	1	404	-85%	-200%
120	"St. George, West Brighton, Port Richmond"	"175,876"	112	104	70	63	57	43	39	34	33	36	46	41	38	35	38	45	49	28	36	40	33	8	11	1039	-71%	27%
121	Graniteville†																						10	4	2	16		-100%
122	"New Dorp, Todt Hill, Bloomfield"	"194,822"	2	14	7	8	1	3	0	9	4	9	5	1	10	4	4	8	3	1	3	8	3	2	1	110	50%	-100%
123	"Tottenville, Bay Terrace"	"98,032"	3	7	4	4	1	2	1	4	3	0	4	1	0	0	2	2	2	1	4	0	0	0	0	45	-100%	
